# Dimensions (x, y, z)
d  1024 1024 9

# Paths: Sources (x, y, z) -> Destinations (x, y, z)
p   864 776 3   265 523 3
p   802 310 4   597 929 4
p   288 773 5   256 931 8
p   829 923 2   747 920 6
p   483 103 3   625 934 8
p   488 886 2   824 561 0
p   736 408 7   684   1 4
p   888 249 2   891 195 5
p   244 990 7   458  82 2
p   520 955 0   564 723 4
p   834 553 8   617 601 4
p   610 394 5   297 193 1
p   627 672 4    91 775 7
p   945 862 8   945 553 3
p   722 282 7   869 916 5
p   972 593 4   676 1020 8
p   812  84 5   498 645 7
p   248 749 1   225 813 2
p   835 103 1   714  46 5
p   931 547 6    27 650 5
p   589 400 3   1004  37 0
p   984 189 1   215 819 8
p    23 435 0   266 226 5
p   358 184 4    40 103 8
p   204 367 6   858 940 1
p   688 989 0   692 865 3
p   256 611 3   179 482 3
p   582 520 2   365 857 2
p   574  12 6   343  46 2
p   245 976 3   294 367 8
p   648 635 6   397 424 5
p     1 196 3   245 652 3
p   896 581 3   411 718 3
p   678  47 4   265 161 4
p   498 574 6   905 506 2
p   478 828 7   831 192 8
p   648  85 6   1010 411 6
p   323 218 6     2 842 4
p   100 121 5   894 286 8
p   102 874 3    83 281 4
p   811 882 1   533 666 3
p   892 285 0    41 697 5
p   969 960 8    43 767 6
p   671 729 8   655 381 4
p   212 601 0   154 341 7
p   735 346 5    42 167 8
p   296 404 4   300 489 2
p    49 183 4    72 412 2
p   424 101 8   485 861 8
p   351 490 6   436 309 6
p   915 941 5   384 997 5
p    67  86 6    62   8 3
p   531 459 4   598 695 3
p   377 1012 2   795 441 3
p    65 884 6   924 462 6
p   121 407 1    43 970 1
p   149 202 3   559 154 8
p   1006 151 3   696 898 4
p   939 330 4   510 686 1
p   624 224 3   985 920 7
p    36 151 2   802 862 5
p   735 826 0    86 889 0
p   230  41 0   864 338 1
p   152 671 8   517 922 4
p   587 694 7   776 1014 6
p   927 211 4   612 845 4
p   810 397 5   871 817 5
p     0 186 4   260  67 7
p   965 310 3   829  63 5
p   130 293 7    56  36 3
p   503 884 6   689 155 8
p   421 626 3    48 482 1
p    33 632 5   107 562 3
p   392 795 4   902 624 4
p   647 345 1   698 636 7
p   130 933 7   938 893 6
p   829 531 7   193 800 4
p   774 466 7    77  45 8
p   497 922 8   682 585 1
p    95 839 7   798 715 3
p   312 116 3   579 945 8
p   425 101 6   751  31 4
p   702  30 8   985 739 0
p    72 367 0   356  10 8
p   838  72 8   212 209 6
p   960 126 0   377  25 5
p   879 191 1   352 982 1
p   989 370 4   299 959 8
p   651 188 8   105 594 1
p   919 968 7   323 248 6
p   298 429 0   135  21 0
p    74 430 4   758 145 3
p   652  86 4   378 971 0
p   418 427 6   328 208 2
p   482 973 7   283 571 6
p   814 456 3   786 442 2
p   464 959 1   473 652 4
p   208   1 6   633   7 2
p   787 644 4   159 723 4
p   694 778 2   780 286 8
p   123 904 0   262 538 5
p   405 104 2   290 773 8
p   609  36 7   312 348 4
p   255 942 1   424 296 4
p   587 642 4   420 649 3
p   797 807 2   380 643 1
p   713 390 5   142 684 3
p   484 425 4   711 325 5
p    61 307 6    53 636 0
p   482 909 0   539  68 7
p   702 759 6     6  42 5
p   1023 894 6   744 232 6
p   294 107 4   338 172 3
p   918 445 4   725 536 1
p   932 454 7   398 826 3
p   225 200 8   600  50 3
p   239  86 1    58 653 1
p   625 627 6   524 291 7
p   361 469 5   528 979 8
p   952 956 5   501 721 1
p   272  44 1     3 670 1
p   805 696 8   406 943 4
p   347 104 7   813 330 4
p   332  29 0   377 214 4
p   192 206 6   753 319 7
p   260 352 6    45 956 0
p   471 741 0   828 1002 4
p   120  83 0   783 423 8
p   451  78 3   772 849 0
p   184 501 1   891 956 2
p   445 570 2   554 206 2
p   452 619 4   267 237 1
p   802 101 6   254 291 6
p   675 759 4   879 124 5
p   121 754 3   691 720 5
p   226 851 2   530 690 2
p   643 293 1   829 566 2
p   599  25 1   405 999 4
p    78 783 7   793 583 6
p   218 750 7   778 361 5
p   644 922 0   853 539 3
p   466  12 1   668 676 4
p   976 492 2   868 265 5
p   720 841 7   393  60 0
p   743 984 3   451 743 5
p   266 687 2   364 552 6
p   154  22 5    25  46 2
p   669  68 0   995 432 8
p   221 445 3   181 336 8
p   765 391 3   270 544 6
p   703 473 0   943 418 3
p     3 141 7   526 750 1
p   337 860 7   252  22 7
p   172 806 6   172  80 8
p   612 635 4   153 616 2
p   825 750 0   954  37 0
p   299 154 2   364 753 3
p   276 504 3   318 922 4
p   1000 791 5   268 703 4
p   738 413 4    21 757 0
p   697 595 6   296 702 1
p   541 348 8   995 213 5
p   337 991 8   600 737 6
p   361 938 8   338 765 0
p   835 578 8   371 640 2
p   801 615 8     1 144 0
p   128 951 8   491 969 7
p   797 765 1   562 434 8
p   178 173 5   161 112 4
p   815 619 6   272 291 3
p   1014 735 8   550 567 8
p   194 801 7   865 768 1
p   676 945 5   369 972 5
p   421 628 7   233  16 4
p   963 696 5   642 508 6
p   255 913 2   967 948 0
p   458 761 4   521 826 6
p   980 168 8   950 649 8
p   258 902 6   624  92 0
p    11 256 6   395 794 5
p   398 901 0   476 849 1
p   727 335 0   485 534 0
p   579 355 0   195 113 4
p    44 950 7   967 322 8
p   1007 783 2   686 609 3
p   313  61 1   137 492 5
p   782  47 7    44 568 6
p   646 972 3   599  84 5
p   832 206 2   717 259 2
p   957 1022 1   921 565 0
p   599 656 0   775 837 0
p   663 467 2   469 163 3
p   670 487 5   556 840 3
p   832  81 3   360 462 7
p   524 1010 7   121 324 0
p   751  19 7   197 423 0
p   318 398 0   785 728 3
p   855  79 0   363 923 6
p   688 576 7   422  31 7
p   195 396 3   126 359 1
p   630 669 0   467 567 7
p   507  82 0   882 809 7
p   268 663 0   846 341 8
p   482  33 8   640 293 0
p   385 160 4   150 178 8
p   655 248 7   639 968 4
p   909 694 0   246 288 1
p   243 231 7   474 897 1
p   578  13 8     5 399 7
p   1023  19 7   522  39 6
p   114 626 7   689 388 0
p   446 935 2   253 141 4
p   546  74 3   674 989 3
p   446 482 2   404 660 3
p   595 855 8   906 380 0
p   626 485 2    41 329 7
p   987 109 7    49 730 0
p   431 891 3   946 730 5
p   165 348 3   604 1019 2
p   515 955 3   643 784 5
p   771 200 8   181 597 2
p   649 298 3   698 275 6
p   355 135 5   169 440 3
p    77 727 6   796 557 4
p   173 212 2   537 838 3
p   903 753 6   343 121 8
p   875 418 7   920 350 4
p   339 711 8   1008 761 2
p   901 1016 3   971 523 8
p   1019 832 6   157   5 5
p   721 957 4   713 662 1
p   659 1005 1   705 629 3
p   812  10 8   836 492 0
p   463 598 2   498 794 8
p   575 847 0   876 942 1
p   847 869 7   529 622 1
p   725 414 0   137 397 7
p   578 938 8    88 602 3
p   518 466 4   104 853 4
p   660 484 1   553 163 7
p   851 147 0    70 402 8
p   569 271 2   113 144 7
p   141 884 7   140 572 0
p   882 571 6   502 706 8
p   572 895 3    99   5 2
p   858 318 2   507 969 4
p   349  79 5   231 376 3
p   776 237 8   760 492 7
p   367 393 1   797 410 4
p   482 671 3   937 442 3
p   410 784 8   887 491 2
p   456 352 2   191 978 4
p   112 393 3   525 1003 8
p   579 632 6   514 498 2
p   700  94 2   912 232 8
p   1007 589 0    95 205 2
p   115 816 3   239  44 3
p     4 119 5   957 204 6
p   202   1 8   866  68 1
p   239 950 3   826 446 3
p   783 630 2   596 720 7
p   693 656 5    94 967 6
p   279 708 5   674 388 5
p   675 206 4   123 108 8
p   127 914 4   465 347 3
p   386 578 3   841 239 2
p   492 957 0   740   6 3
p   782 456 3   259 486 2
p   290 668 5   951 992 4
p    89 307 4   689 968 1
p    37 890 7   784 479 6
p   421 196 3   805 821 8
p   908 698 4   741 187 8
p   729 608 3   648 632 8
p   584 218 3   248 926 7
p   569 201 0   137 453 6
p   229 700 7   775 435 5
p   1012 906 3   701 167 5
p   365 448 3   679 866 4
p   150 772 6   976 403 4
p   553 913 6    21 212 7
p   599 894 3   215   4 8
p   139 658 4   389 550 0
p   993 504 0   429 775 2
p   762 785 2   991  28 7
p   524 157 2   607 285 7
p   224 393 4   347 843 2
p    91 158 5   577  64 8
p   490 327 6    24 444 5
p   985 779 7   121 440 0
p   278 393 3   382 822 1
p   844 554 3   565 165 4
p    22 883 2   352 1019 5
p   427 809 0   584 533 7
p   600 496 4   800 355 5
p   724 1019 6   984 408 5
p   763 356 2   996 356 8
p   872 221 7   1007 283 5
p   788  85 7   315 723 8
p    35 626 2   117 728 8
p   525 354 4   424 544 3
p    82 1002 8   178 246 3
p   715  32 7   653 275 7
p   677 324 4   1002  49 6
p   869 708 1   611 804 3
p   596 259 2   827 501 4
p   125 383 4   236 827 3
p   244 315 7   925 983 0
p   771 538 1   252 288 3
p   482 959 0   726 874 3
p   255 226 2   148 564 2
p    27 238 7   427 904 8
p   249 573 7   595 172 2
p   1011 306 7   814 759 6
p   808 867 0   171 517 1
p   546 505 1    88  11 7
p    83 984 8   763 461 2
p   422 353 3   743 913 1
p   248 214 0   874 523 0
p   456 461 7   779 137 5
p   521  13 1   682 375 8
p   513 704 1   490 751 7
p   204 406 4   450 486 2
p   828 934 3   653 389 5
p   712 513 6   775 863 1
p   221 526 4   827 529 8
p   796 518 7   487 349 3
p   467 666 0   747 991 4
p    70 206 0   262 812 0
p   894 962 1   177 988 3
p   831   9 8    16 622 8
p   851 317 7   402 511 3
p   363 596 7   716 786 0
p   544 361 1   942 201 1
p   183 673 5   517 600 8
p   881 927 0   918  32 5
p   953 514 3   339 938 8
p   633 731 3   141 1002 5
p   280 1000 5   338 917 0
p   823 163 0   265 731 5
p   431 162 8   784 702 7
p   792 115 6   858 764 4
p   702 102 6   268 803 5
p   521 548 0    41  15 6
p   141 125 3   1001 907 2
p   839  87 3   593 1009 0
p   422 941 0   613 408 5
p   720 416 8   978 1008 0
p   856 899 1   964 130 1
p   978 850 5   294 258 3
p     9 651 0   792  71 0
p   291 791 7   519 960 1
p   340 758 2   148 592 0
p   381 259 2   496 548 0
p   323 392 3   491 436 0
p   224 659 7   523 151 0
p   159 393 5   680 536 5
p   360 681 6   411 834 6
p   926 477 3   795  38 3
p   1000 350 4   255  78 0
p   445 633 4   531 114 0
p   367 965 1   275 494 8
p   969   1 5   241 670 6
p   908 699 7   803 164 0
p   756 538 8   168 394 2
p   899 495 8   724 1022 5
p   999 177 3   592 1001 5
p   886 643 4   400 377 2
p   216 985 4   886 906 8
p   243 345 5   329 147 6
p   563 549 6   117 944 4
p   708 614 5   726  90 4
p   215 399 4   362 416 6
p    44 979 5   167 570 0
p   513 705 3   321 689 8
p   894 394 7   117  60 8
p   781 629 5   316 920 7
p   493 225 6   743 1019 7
p    93 1013 7   596 338 6
p   610  98 5    20 807 7
p   747  93 5   400 131 8
p   964 944 4   885 202 2
p   930 604 2   133 233 4
p   310 752 2    80 919 5
p   997 186 7    17 550 4
p   129 834 2   919 716 7
p   887 810 6     4 146 1
p   591   3 1   496  42 2
p   225 178 2   902 236 5
p   751 691 1   358 278 4
p   992 223 4    67 384 8
p   930  97 7   732 939 4
p   432 917 4   779 181 0
p   451 334 4   352 883 6
p   393 128 6   554 155 0
p   631 528 5   425 479 3
p    89 548 1   689 767 1
p   206 246 5   416 908 4
p   538 223 0   946 102 1
p   199 590 5   441 404 5
p   268 819 5   617  29 3
p   787 210 5   998 451 4
p   217   7 2   483 618 7
p   296 336 6   680 731 7
p    90 127 4   627 669 2
p   139 943 2    18 289 4
p   648 756 1   520 327 6
p   368 830 1   1018 533 3
p   743 387 0   451 294 5
p   539 850 4   159 152 5
p   271 216 8   142 938 4
p   959 859 2   481  87 3
p   948 103 2    43 881 6
p   603 476 2   599 719 7
p   166 640 6   595 745 4
p   977 665 5    13 146 5
p   785 147 5   158 781 7
p   635  69 2   276 479 7
p   592 1015 6   144 1002 0
p   340 652 3    22 303 2
p   794 606 1   893 218 2
p   895 783 3   531 1002 6
p   732 671 8   946 305 4
p   650 242 5   924 313 3
p   460 395 5    53 795 2
p   636 434 5   582 529 1
p     7 109 3   263 496 4
p   527 135 4   973 176 0
p   347 725 7   111  31 2
p   636 942 2   798 130 5
p   255 779 8   452 703 3
p   869 419 5   1010 571 4
p    98 972 4   717 670 2
p   652  98 0   861 615 2
p   539 571 6     0 147 0
p   771 463 1   383 685 4
p   558 960 3   105 109 6
p   319 117 7   910 104 5
p   758 251 7   700 455 1
p   264 849 1   721 584 5
p    16 125 2   645 390 2
p   393 474 5   573 376 3
p   825 603 8   616 290 4
p   484 873 6   901 735 2
p   279 167 7   921 331 0
p   485 807 6   691  21 0
p   746 838 1   835 974 5
p   564  33 3   478 976 3
p    12 580 0   1015 675 6
p   710 963 3   285  80 0
p   488 761 6     2 631 7
p   887 788 3   720 718 0
p    39 354 5   390 660 6
p   789 289 8   567 642 5
p   689 157 6   441 991 6
p   997 1014 7   600 615 4
p   378 428 8   661 174 0
p   449 451 0   232 339 3
p   639 159 7   509  70 0
p   965  32 5   183 669 8
p   940 447 3   296 450 8
p    38 490 8   109 119 7
p   289 817 2    33 839 2
p   472  61 5   848 225 8
p   648 561 1   897 434 0
p   947 377 2    59  33 0
p   895 888 4    83 142 8
p   574 814 0    66 795 1
p   840 956 3   117 734 4
p   513 909 4   141 381 7
p   523  82 4    35 900 2
p   746 1018 8   541 331 6
p   559 930 2   710 156 3
p   796 373 2   361 382 0
p   146 758 6   668 140 1
p   501 495 1   989 836 7
p   176 672 7   331 1008 0
p   812 148 2   194 118 6
p   248 818 6   980 793 8
p   570  32 2   403 989 3
p   276 818 8    47 1004 6
p   1019 664 0   694 232 8
p   954 881 6   259 948 7
p   649 175 1   580 607 3
p   833 694 2    30 621 2
p   911 239 4   202 989 5
p   771 912 4   559 460 5
p   342 841 3   789  17 3
p   491 922 6   751 651 8
p   742 646 8   782  15 7
p   192 766 3   401 157 3
p   1023 847 6   658 219 0
p   955 930 0   932 766 0
p   157 180 2   924 431 4
p   434 475 2   322 258 2
p   622  23 8   526 514 3
p   748 779 6   988 424 0
p   817 729 0   504 829 8
p   358 483 4   761 720 4
p   189 601 0   364 315 0
p    99 807 4   131 956 2
p   450 711 1   801 865 4
p   726 740 8   793 369 4
p   403 547 8    98 915 4
p   148 956 1    27 482 5
p    51 643 5   576  82 3
p   133 479 3   337 902 5
p   112 673 8   374 789 5
p   486 414 1   427 273 4
p   685 908 1   829 780 5
p   196  73 1   329 298 7
p   351 166 8   721 822 4
p    99 600 4   325  89 2
p   278 364 6   119 387 6
p   317 876 7   193 665 5
p   173 571 4   246 730 8
p   918 108 3    91 474 5
p   723  59 1   647 854 5
p    96  83 5   222 765 2
p   845 923 4   719 782 5
p   662 413 8   181 165 6
p   216 532 8   366 753 7
p   674  92 4   816 1021 4
p    57 357 4   951  66 8
p   450 101 6   123 137 2
p   560 676 7   603 652 4
p   516 678 2   303 637 5
p   184 200 4   853 319 1
p    49 542 4   627 559 5
p   891 325 7   232 338 4
p   532 755 0   756 825 0
p   575  19 1   892  56 8
p   683 784 6   776 749 8
p   368 392 5   542 694 3
p   428 401 0   754 582 7
p   755 424 6    64 651 8
p   913 324 2   301 907 3
p   423 337 2   890 454 4
p   410 343 3   916 287 6
p   219 931 4   305 438 6
p   876 832 1   990 488 8
p   174 963 1   890 277 7
p   167 875 5   124 959 3
p   188 863 0    39 754 0
p   764  96 8   140 576 5
p   374  98 4   343 912 1
p   229 611 3   293 143 7
p    97 925 8   133 946 2
p   811 332 4   727 559 6
p   405  63 3   905 821 8
p   603 336 4   505 250 7
p    60 339 8   573 966 0
p   831 640 7   752 1023 3
p   761 864 6   810 838 2
p   290 414 0   926 830 1
p   838 337 5   500 455 5
p   929 424 0   871 974 7
p   160 431 6   884 890 8
p   657 141 3   982 135 8
p   368 605 7    95 115 4
p   926 993 5   196 812 3
p   270 604 3   531 993 0
p   894 443 7   897 754 4
p   534 610 3   730 875 3
p   977 576 2   166 743 2
p   828 969 3   387 309 2
p   1022 847 7    28 975 7
p   843 948 3    78 583 4
p   221 760 8   733 813 6
p   829 163 5   622 895 3
p   266 549 4    17  49 1
p   504 674 4   588 1015 0
p   381 558 7   904 635 5
p   915 810 5    12 422 0
p   986 846 3   102 577 3
p   740 857 5   837   8 2
p   440 476 7   179 586 4
p   663  14 0    93 402 5
p   751 666 0   886 403 7
p   175 389 6   645 531 8
p   831 610 6   425 525 5
p   857 204 4   188 201 0
p   122 775 2   312 147 5
p   425  56 3   826 774 8
p   878 509 7   804 419 3
p   573 453 5   833 941 5
p   537 221 3   229 746 4
p   156 169 0   116 634 5
p   540 808 4   262 783 3
p    45 221 4   627 798 7
p   792 769 5   197 682 6
p   274 380 2   1019 713 3
p   199 348 2   850 192 3
p   547 257 1   984 925 0
p   546  44 3   112 823 1
p   307  87 8   512 432 4
p   183 816 2   867 756 2
p   497 301 8   869 551 6
p    79 819 3   275 335 8
p   105 1010 4   642 518 0
p   784 410 4   841 319 1
p    46 706 0   607  69 1
p   403 298 0   964 969 8
p   1003 931 5   413 759 4
p   232 794 1   667 972 4
p   148 366 4   442 152 5
p   901 995 1   674  22 1
p   525 620 2   752 913 8
p   106 699 4   714 955 2
p   902  92 0   947 265 6
p   225 602 3   740 762 8
p   822 460 1   687 449 6
p   1011 342 3   351 329 2
p   361 370 3   970 384 0
p   988 594 2   812  22 7
p   121  24 1   855  51 8
p   298 201 5   248 578 6
p   683 325 5   643  21 4
p   647 390 1   934  11 7
p   170 1015 8    94 786 6
p   885 508 2   809 754 4
p   1009 787 4   948 517 7
p    51 133 1   237 143 0
p   573 604 6   629 464 4
p    14 631 5   640 984 6
p   215 625 4   688 609 6
p   469 580 8   270 678 6
p   840 587 8   986 526 4
p   105 601 2   704 733 7
p   760 828 7   1019 336 5
p   570 584 6   959  18 2
p   473 529 8   511 242 7
p   527 803 2   967 411 4
p   488 338 6   590 617 5
p   301 349 0   394 268 3
p   639 701 6   226 187 8
p   477 487 0   703 176 0
p   257 989 2    58 686 1
p   291 487 4   310 946 6
p   641  76 7   849 827 7
p   177 920 2   270   1 1
p   355 238 7    48 455 3
p   885 855 2   694 470 2
p   713 476 6   755 575 2
p   140  10 3   676 846 2
p    69 493 3   342  48 4
p   452 724 6   391  43 8
p   207 756 5    30 750 8
p   153 732 5   553 443 4
p   176 369 6   869 753 5
p   234   5 7   784 969 1
p   997 338 5    19 813 8
p   968 158 1   560 417 0
p   295 797 6   242 941 3
p   788 350 8   692 379 0
p   192 969 5   819 217 4
p   614 961 4   946 326 5
p   640  98 1   261 268 1
p   428  99 1   876 183 4
p    82 815 2   678 838 3
p   211 161 4   608 674 5
p   250   1 1   451 992 5
p   1003 861 8   296 706 3
p   891 628 3   965 861 4
p   435 412 3   317 171 7
p   124 637 1   888 233 1
p    18 926 7   321 885 4
p   224 581 0   712 277 3
p   883 638 8   232   6 7
p   623 136 2   969 591 4
p   789 922 3   844 889 8
p   491 914 7   480 735 1
p   762 405 7   353 816 2
p   510 406 8   246 862 7
p   969 709 4   964  38 8
p   759 207 2   884 106 2
p   154 214 1   355 894 5
p   163 107 8   258 293 1
p   285 967 3   423 342 5
p   537 266 0   568 570 0
p   349 434 4   325 685 7
p   122 431 6   606 893 7
p   558 909 7   153   9 3
p   373  28 7   528 999 7
p   827 408 8   730 107 4
p   216 657 3    42 921 8
p   652 212 3   711 118 1
p    92 956 6   140 241 5
p   997 220 7   445 878 0
p   534 428 7   984 104 6
p   371 902 7   1021 521 4
p   217  52 8   110 442 0
p    38 335 1   289 1016 2
p   806 807 0   400 152 2
p   133 141 6    55 488 4
p   434 253 5    99 178 2
p   459 206 5   268 490 7
p   685 617 7   413 440 3
p   134 610 4   817 623 3
p   879 283 2   890 1003 1
p   230 593 0   834 436 6
p    25 813 4    22  49 3
p   638 463 5   922 391 3
p   814  44 3    63 669 6
p   679 635 6    14 645 5
p   854 772 0   606 421 2
p   110 124 1   244 494 5
p   266 209 4   499  76 2
p   403 956 4   252 894 8
p   159 893 4   262 831 4
p   565 714 3   717 759 7
p    49 314 5   682 610 7
p   340 655 4   862 306 4
p   243 946 8   311 883 3
p   299 389 6   1007 850 7
p   310 199 2   965 167 1
p   812 887 2   535 373 7
p   599 487 6   1008 654 7
p   830 271 3   203 618 7
p   425 341 3   738  41 8
p   677 586 0    88 154 5
p   572 168 7   340 143 2
p   768 498 5   275 635 2
p    13 734 3   308 538 3
p   826 993 5    39 669 0
p   409  93 7    26 694 4
p   521 265 3   443 461 4
p   854 646 7   528 536 5
p   729 752 5   409 283 6
p    60 980 8   918 908 8
p   615 855 1   470  23 3
p   445 177 6   180 164 6
p   931 947 7   203 619 4
p    52 235 5   879 773 7
p   465 976 5   285 338 3
p   133 658 4   843  99 1
p   346 222 2   360 362 4
p   757 532 8    64 672 5
p   954 589 6   470  75 0
p   466 642 3   189 888 8
p   352 285 1   997 580 4
p   321 819 1   681 686 8
p   853 455 6   519 139 4
p   736 949 5   271 525 6
p   291 134 1   307 211 2
p    43 446 6    10 170 0
p   429 895 2   411 362 1
p    93 220 0   402 777 2
p   1012 516 6   581 581 7
p   803 210 1   188 237 0
p   237 406 5    28 629 6
p   912 671 5   305 391 5
p   822 357 5   372 633 0
p   103 674 7   317 758 6
p    69 686 3   205 209 7
p   693 415 4   164 1012 4
p    75 422 7   327 750 0
p   786 627 4   197 501 7
p    52 256 2   301 684 8
p   604 671 4   483 738 6
p   375 491 0   315 770 8
p   474 453 1   706 909 0
p   663 214 1   681 292 0
p   747 893 5   785 707 4
p   466 568 2     5 657 8
p   360 447 6    33 254 6
p   667  47 3   611 119 8
p   177 620 0   257 149 6
p   1002 913 1   656 929 5
p    62 459 2   661  63 5
p    49  57 2   884 786 2
p     9 267 8   568  81 6
p   644 867 8   867 694 7
p   635 216 4   306 253 1
p    68 292 7   520 542 0
p   980 123 8   190  50 8
p    31 278 5   586 750 2
p   770  56 0   239 847 1
p   752 965 8    93 262 0
p   780 433 2   923 605 8
p   697 113 1   120 370 7
p   939  55 3   964 818 2
p   918 141 3   209 434 4
p    74 180 5   860  90 8
p   512 793 0   365 472 5
p   985 517 8   990 915 3
p   888 320 6   713 616 8
p   813 832 3   907 746 2
p   432 244 7   382 384 3
p   572 288 7   685 811 0
p   385 212 1   345 873 3
p    64 868 7   561  47 1
p   366 425 2   785 990 3
p   175 462 1   475 419 8
p   360 124 8   720 712 2
p   208 729 2   629  96 3
p   650 563 5   235 465 0
p    77 212 5   814 612 3
p     7 711 7     9 632 3
p   420 750 3   562 709 5
p   487 549 5    13  23 4
p   724 973 4   690 943 0
p   130 488 5   311 395 7
p   544 586 8   609 473 1
p   195 517 0   521 901 3
p   858 769 7   346 624 5
p   101 174 6   738  41 4
p   491 434 6   993  32 8
p   754 391 2   601 547 8
p   997 797 7   708 804 4
p   717 447 8   937 1020 2
p   222 631 3   406 790 6
p   874 827 4   106 432 7
p   375 862 3   837 777 6
p     7 947 3    94  12 7
p   428 600 8   957 644 6
p   658 429 1   212 305 1
p   954 209 2   712 994 5
p   300 834 1   664 505 6
p   497 636 0   863 742 1
p   969 1013 5   856 1013 2
p   189 331 8   302 461 7
p   181 464 2   429 983 3
p    63 914 7   351  50 4
p   656 449 0    95 766 4
p   665 302 3   349 670 4
p   114 695 8   422  33 4
p   652 362 8   973 481 4
p   435 700 0   312 819 1
p   551 222 1   414 562 2
p   347 462 6   152 602 5
p   997 620 3   493 628 4
p   690 300 2   1001 964 6
p   1005 1017 2   353 943 6
p   152 807 1   210 628 1
p   390 167 6   629 928 0
p   1009 315 0   357 970 2
p   504 282 6   380 946 0
p   641 1011 3   547 792 1
p   486 875 7   539 817 4
p   697 829 0    95  45 8
p   225 517 3   398 356 7
p   108 759 4   599 481 6
p   556 420 3   435 565 2
p   1000 880 3   544 664 4
p   176 659 6   601 533 4
p   1001 100 7     1 776 4
p   544  52 8   185 846 8
p   908 651 1   606 692 8
p   702 165 0   826 360 3
p   358 945 7   809 497 8
p   592 909 8   616 607 8
p    31 551 1   838 958 5
p   306 922 0   807  42 6
p   781 810 5   186 842 2
p   848 641 7   550  13 8
p   580 457 4   579 800 2
p   438 195 4   795  43 7
p   163 167 1   758 702 7
p   193 925 1   164 431 3
p   778 691 0   112 537 0
p   575 735 5     9 958 2
p   468 537 8   316 673 7
p   578 228 2   133 749 4
p   337 940 1   129 635 3
p   388 603 5    19 100 0
p    34 216 8    78 197 5
p   387 681 1   705  76 3
p   437 628 0    32 117 5
p   450 709 4     7 251 8
p   852 769 2   738 283 0
p   400 709 2   1012 323 5
p   107  90 7   612 108 3
p   643 823 3   469 896 5
p   789 561 6   826 853 1
p   721 730 3   310 211 8
p   702 944 5   317 801 7
p   835 557 4   839 723 0
p   777 837 4   227 463 4
p   845 507 7   434 181 3
p   818 624 8   726 713 8
p   736 557 7   942 948 2
p   511 653 0   423 619 7
p    43 328 2   167 333 8
p   502  74 7   1009 943 5
p   412 840 5   182 680 4
p   715 210 2   311 297 6
p   359 681 0    25 479 8
p    48  87 8   318  75 0
p    82 229 5    35 860 8
p   341 849 5    24 848 8
p   751 745 3   875  26 3
p   848 174 1    53  29 7
p   788 556 7   155 1008 6
p   838 263 0   627 767 8
p   152 229 5   834 304 3
p   713  79 4   274  34 3
p   304 916 5   238 314 4
p   1012 280 3   114  78 1
p   665 701 7   846 280 3
p   967 536 5   718 944 3
p   793 455 3   754 628 2
p   601 107 8    32  73 6
p   803 956 3   963 514 0
p   302 507 7    61 555 4
p   886 379 4   680 231 5
p   460 246 2   606 694 2
p   395 989 3   605 467 3
p   236 382 7   464 1020 8
p   265 133 6    37 200 2
p   243 469 8   498 328 1
p   515   3 1   551 886 3
p   340 317 7   526 920 6
p   262 396 0    59 951 5
p   841 233 5   552 130 7
p   962 943 1   598 962 8
p   508 907 7   899 694 8
p   697 122 1   225 158 4
p   313 302 3   138 489 7
p   524 781 3   1015 356 2
p   694 716 3   418 216 5
p   261 534 0   493 885 3
p   611 178 0   258 180 7
p   279 989 6   867 105 3
p   338 210 8   802 168 5
p   843 393 7   547 754 7
p    99 796 4   864 139 2
p   547 668 3   695 953 3
p    69 371 0   150 680 2
p   130 933 1   349 513 7
p   773 604 8   526 199 4
p   381 404 4   841 559 6
p   962 123 6   810 636 6
p   323  99 1   854 506 1
p   470 538 4    26 191 5
p   348 795 2   807 578 2
p   309 414 0   799 940 5
p   603 804 0   764 702 1
p   578 822 2    81 105 2
p   393 854 4   782 241 6
p   999 423 7    57  79 0
p   880 851 6   901 309 6
p   904 615 7   853 670 7
p   916 219 1   631 902 7
p   836 159 2   958 742 6
p   864 695 2   903 338 8
p   663 199 7   813 903 5
p   148  75 1   541 495 5
p   455 732 4   665 876 0
p   869 243 8   468 426 8
p   569  45 8   281 411 1
p   1018 657 8   634 884 7
p   980 778 8   682 758 8
p   965 1002 0   598 983 5
p   196 157 3   540 418 3
p    90 659 3   523  53 8
p   301 727 7   173 382 3
p   175 672 6   665 754 0
p   425 509 8   464 552 4
p   182   0 8   953  17 1
p   901 584 0   534 823 2
p   435 755 3     4 291 4
p   704 425 2   721 998 7
p   505 130 5   215 232 5
p   228 729 4   443 822 4
p   738 634 6   913 218 6
p     4 221 6   314 222 5
p   908 553 1   300 132 2
p    51 669 4   113  48 1
p   881 986 2   451 195 6
p   521  12 2     8 448 7
p   901 617 8   933 522 3
p   322 170 4   485  10 0
p   222 266 4   923 945 2
p   694 569 8   309 454 5
p   429 428 1   759 833 5
p   576 901 7    20 695 0
p   416 205 1   446  46 6
p   503 893 2   990 986 3
p   158 128 0    43 889 3
p   478 446 7   410 365 6
p   392 673 4   581 412 2
p   966 602 5   293 651 4
p   595 552 2   670  82 2
p   310 444 0   209 874 7
p    13 621 4    99 759 3
p   391 374 5   853 862 2
p   919  60 5   717 978 3
p   424 642 3   991 356 1
p   347 260 8   909 751 2
p   288 155 5   226 107 8
p   275 641 1   291 141 2
p     9 370 8   640 971 4
p    60 157 4   233  93 2
p   479 430 6   963 556 0
p   120 413 0   556 726 2
p   534 1002 1   951 424 7
p   382 940 7   850 337 2
p   100 798 3   476  97 0
p   861 572 1   193 368 2
p   139   7 8   454 677 5
p   718 912 2   672  15 2
p    26 454 7   914 686 7
p   484  84 4   735 230 1
p   1008 457 5   1016 714 3
p   553 508 4   581 316 1
p   986 925 6   451 911 4
p   658 947 1   784 956 3
p   574 338 8   343 249 3
p    99 163 0   728 340 0
p   707 306 7   939 599 8
p   945 402 6    20 647 8
p   583 304 4   391 302 4
p   230 485 2    18  22 3
p   305  40 7   100 315 7
p   752 438 6   265 431 7
p   319 823 3   720 183 4
p   137 576 1   965 944 2
p   324   4 8   590 325 8
p   272 667 3   123 263 6
p   237 321 1    38  53 1
p    97 703 7   507 313 4
p   733 646 1   791 920 4
p   711 595 1   393 987 0
