# Dimensions (x, y, z)
d  1024 1024 7

# Paths: Sources (x, y, z) -> Destinations (x, y, z)
p   864 776 2   265 523 2
p   802 310 3   597 929 3
p   288 773 4   256 931 6
p   829 923 2   747 920 4
p   483 103 3   625 934 6
p   488 886 1   824 561 0
p   736 408 5   684   1 3
p   888 249 2   891 195 3
p   244 990 5   458  82 2
p   520 955 0   564 723 3
p   834 553 6   617 601 3
p   610 394 4   297 193 1
p   627 672 3    91 775 6
p   945 862 6   945 553 2
p   722 282 5   869 916 4
p   972 593 3   676 1020 6
p   812  84 4   498 645 5
p   248 749 0   225 813 2
p   835 103 1   714  46 4
p   931 547 4    27 650 4
p   589 400 2   1004  37 0
p   984 189 0   215 819 6
p    23 435 0   266 226 4
p   358 184 3    40 103 6
p   204 367 5   858 940 1
p   688 989 0   692 865 2
p   256 611 3   179 482 2
p   582 520 2   365 857 1
p   574  12 5   343  46 1
p   245 976 2   294 367 6
p   648 635 5   397 424 4
p     1 196 2   245 652 2
p   896 581 2   411 718 2
p   678  47 3   265 161 3
p   498 574 5   905 506 2
p   478 828 6   831 192 6
p   648  85 5   1010 411 4
p   323 218 5     2 842 3
p   100 121 4   894 286 6
p   102 874 2    83 281 3
p   811 882 0   533 666 2
p   892 285 0    41 697 3
p   969 960 6    43 767 4
p   671 729 6   655 381 3
p   212 601 0   154 341 5
p   735 346 4    42 167 6
p   296 404 3   300 489 1
p    49 183 3    72 412 2
p   424 101 6   485 861 6
p   351 490 4   436 309 5
p   915 941 4   384 997 4
p    67  86 5    62   8 2
p   531 459 3   598 695 2
p   377 1012 1   795 441 2
p    65 884 4   924 462 4
p   121 407 1    43 970 1
p   149 202 2   559 154 6
p   1006 151 2   696 898 3
p   939 330 3   510 686 1
p   624 224 2   985 920 5
p    36 151 1   802 862 4
p   735 826 0    86 889 0
p   230  41 0   864 338 1
p   152 671 6   517 922 3
p   587 694 5   776 1014 5
p   927 211 3   612 845 3
p   810 397 4   871 817 4
p     0 186 3   260  67 6
p   965 310 2   829  63 4
p   130 293 5    56  36 2
p   503 884 5   689 155 6
p   421 626 2    48 482 1
p    33 632 4   107 562 2
p   392 795 3   902 624 3
p   647 345 0   698 636 5
p   130 933 5   938 893 4
p   829 531 5   193 800 3
p   774 466 5    77  45 6
p   497 922 6   682 585 1
p    95 839 6   798 715 2
p   312 116 2   579 945 6
p   425 101 5   751  31 3
p   702  30 6   985 739 0
p    72 367 0   356  10 6
p   838  72 6   212 209 4
p   960 126 0   377  25 4
p   879 191 0   352 982 0
p   989 370 3   299 959 6
p   651 188 6   105 594 1
p   919 968 5   323 248 5
p   298 429 0   135  21 0
p    74 430 3   758 145 2
p   652  86 3   378 971 0
p   418 427 5   328 208 2
p   482 973 5   283 571 4
p   814 456 2   786 442 1
p   464 959 0   473 652 3
p   208   1 4   633   7 2
p   787 644 3   159 723 3
p   694 778 1   780 286 6
p   123 904 0   262 538 4
p   405 104 1   290 773 6
p   609  36 5   312 348 3
p   255 942 1   424 296 3
p   587 642 3   420 649 2
p   797 807 2   380 643 1
p   713 390 4   142 684 2
p   484 425 3   711 325 4
p    61 307 5    53 636 0
p   482 909 0   539  68 6
p   702 759 4     6  42 4
p   1023 894 4   744 232 5
p   294 107 3   338 172 2
p   918 445 3   725 536 0
p   932 454 5   398 826 2
p   225 200 6   600  50 2
p   239  86 1    58 653 1
p   625 627 4   524 291 6
p   361 469 4   528 979 6
p   952 956 4   501 721 1
p   272  44 1     3 670 0
p   805 696 6   406 943 3
p   347 104 6   813 330 3
p   332  29 0   377 214 3
p   192 206 4   753 319 6
p   260 352 4    45 956 0
p   471 741 0   828 1002 3
p   120  83 0   783 423 6
p   451  78 2   772 849 0
p   184 501 0   891 956 2
p   445 570 1   554 206 2
p   452 619 3   267 237 0
p   802 101 5   254 291 5
p   675 759 3   879 124 4
p   121 754 2   691 720 4
p   226 851 1   530 690 1
p   643 293 1   829 566 2
p   599  25 0   405 999 3
p    78 783 5   793 583 4
p   218 750 5   778 361 4
p   644 922 0   853 539 2
p   466  12 1   668 676 3
p   976 492 2   868 265 4
p   720 841 5   393  60 0
p   743 984 2   451 743 4
p   266 687 2   364 552 5
p   154  22 4    25  46 1
p   669  68 0   995 432 6
p   221 445 2   181 336 6
p   765 391 2   270 544 5
p   703 473 0   943 418 2
p     3 141 6   526 750 1
p   337 860 5   252  22 5
p   172 806 4   172  80 6
p   612 635 3   153 616 1
p   825 750 0   954  37 0
p   299 154 1   364 753 2
p   276 504 2   318 922 3
p   1000 791 3   268 703 3
p   738 413 3    21 757 0
p   697 595 5   296 702 1
p   541 348 6   995 213 3
p   337 991 6   600 737 4
p   361 938 6   338 765 0
p   835 578 6   371 640 2
p   801 615 6     1 144 0
p   128 951 6   491 969 5
p   797 765 1   562 434 6
p   178 173 4   161 112 3
p   815 619 5   272 291 3
p   1014 735 6   550 567 6
p   194 801 5   865 768 1
p   676 945 3   369 972 3
p   421 628 5   233  16 3
p   963 696 4   642 508 5
p   255 913 1   967 948 0
p   458 761 3   521 826 4
p   980 168 6   950 649 6
p   258 902 5   624  92 0
p    11 256 5   395 794 4
p   398 901 0   476 849 0
p   727 335 0   485 534 0
p   579 355 0   195 113 3
p    44 950 5   967 322 6
p   1007 783 1   686 609 2
p   313  61 0   137 492 4
p   782  47 5    44 568 5
p   646 972 2   599  84 3
p   832 206 1   717 259 1
p   957 1022 1   921 565 0
p   599 656 0   775 837 0
p   663 467 1   469 163 2
p   670 487 3   556 840 2
p   832  81 2   360 462 5
p   524 1010 6   121 324 0
p   751  19 6   197 423 0
p   318 398 0   785 728 2
p   855  79 0   363 923 5
p   688 576 5   422  31 5
p   195 396 2   126 359 1
p   630 669 0   467 567 6
p   507  82 0   882 809 6
p   268 663 0   846 341 6
p   482  33 6   640 293 0
p   385 160 3   150 178 6
p   655 248 6   639 968 3
p   909 694 0   246 288 1
p   243 231 6   474 897 0
p   578  13 6     5 399 5
p   1023  19 5   522  39 5
p   114 626 5   689 388 0
p   446 935 2   253 141 3
p   546  74 2   674 989 3
p   446 482 1   404 660 2
p   595 855 6   906 380 0
p   626 485 1    41 329 5
p   987 109 6    49 730 0
p   431 891 2   946 730 4
p   165 348 2   604 1019 1
p   515 955 2   643 784 4
p   771 200 6   181 597 2
p   649 298 3   698 275 5
p   355 135 4   169 440 2
p    77 727 4   796 557 3
p   173 212 1   537 838 2
p   903 753 5   343 121 6
p   875 418 6   920 350 3
p   339 711 6   1008 761 2
p   901 1016 2   971 523 6
p   1019 832 4   157   5 4
p   721 957 3   713 662 1
p   659 1005 0   705 629 2
p   812  10 6   836 492 0
p   463 598 1   498 794 6
p   575 847 0   876 942 1
p   847 869 6   529 622 1
p   725 414 0   137 397 6
p   578 938 6    88 602 2
p   518 466 3   104 853 3
p   660 484 1   553 163 5
p   851 147 0    70 402 6
p   569 271 1   113 144 5
p   141 884 5   140 572 0
p   882 571 5   502 706 6
p   572 895 2    99   5 1
p   858 318 1   507 969 3
p   349  79 4   231 376 2
p   776 237 6   760 492 6
p   367 393 0   797 410 3
p   482 671 2   937 442 2
p   410 784 6   887 491 2
p   456 352 1   191 978 3
p   112 393 2   525 1003 6
p   579 632 4   514 498 2
p   700  94 2   912 232 6
p   1007 589 0    95 205 2
p   115 816 2   239  44 2
p     4 119 4   957 204 5
p   202   1 6   866  68 1
p   239 950 2   826 446 2
p   783 630 1   596 720 5
p   693 656 4    94 967 5
p   279 708 4   674 388 4
p   675 206 3   123 108 6
p   127 914 3   465 347 2
p   386 578 2   841 239 1
p   492 957 0   740   6 2
p   782 456 3   259 486 1
p   290 668 4   951 992 3
p    89 307 3   689 968 1
p    37 890 5   784 479 4
p   421 196 2   805 821 6
p   908 698 3   741 187 6
p   729 608 3   648 632 6
p   584 218 3   248 926 5
p   569 201 0   137 453 4
p   229 700 6   775 435 4
p   1012 906 2   701 167 3
p   365 448 3   679 866 3
p   150 772 5   976 403 3
p   553 913 4    21 212 5
p   599 894 2   215   4 6
p   139 658 3   389 550 0
p   993 504 0   429 775 2
p   762 785 1   991  28 6
p   524 157 1   607 285 5
p   224 393 3   347 843 1
p    91 158 4   577  64 6
p   490 327 5    24 444 4
p   985 779 6   121 440 0
p   278 393 2   382 822 1
p   844 554 2   565 165 3
p    22 883 2   352 1019 4
p   427 809 0   584 533 6
p   600 496 3   800 355 3
p   724 1019 4   984 408 4
p   763 356 1   996 356 6
p   872 221 5   1007 283 4
p   788  85 5   315 723 6
p    35 626 2   117 728 6
p   525 354 3   424 544 2
p    82 1002 6   178 246 3
p   715  32 5   653 275 6
p   677 324 3   1002  49 4
p   869 708 0   611 804 2
p   596 259 2   827 501 3
p   125 383 3   236 827 2
p   244 315 5   925 983 0
p   771 538 0   252 288 2
p   482 959 0   726 874 2
p   255 226 2   148 564 1
p    27 238 5   427 904 6
p   249 573 6   595 172 1
p   1011 306 6   814 759 5
p   808 867 0   171 517 1
p   546 505 0    88  11 5
p    83 984 6   763 461 1
p   422 353 2   743 913 1
p   248 214 0   874 523 0
p   456 461 5   779 137 4
p   521  13 1   682 375 6
p   513 704 0   490 751 5
p   204 406 3   450 486 2
p   828 934 2   653 389 4
p   712 513 4   775 863 1
p   221 526 3   827 529 6
p   796 518 5   487 349 3
p   467 666 0   747 991 3
p    70 206 0   262 812 0
p   894 962 1   177 988 2
p   831   9 6    16 622 6
p   851 317 5   402 511 2
p   363 596 5   716 786 0
p   544 361 1   942 201 1
p   183 673 4   517 600 6
p   881 927 0   918  32 4
p   953 514 2   339 938 6
p   633 731 2   141 1002 4
p   280 1000 4   338 917 0
p   823 163 0   265 731 4
p   431 162 6   784 702 5
p   792 115 5   858 764 3
p   702 102 5   268 803 4
p   521 548 0    41  15 5
p   141 125 2   1001 907 2
p   839  87 2   593 1009 0
p   422 941 0   613 408 3
p   720 416 6   978 1008 0
p   856 899 1   964 130 1
p   978 850 4   294 258 2
p     9 651 0   792  71 0
p   291 791 5   519 960 0
p   340 758 2   148 592 0
p   381 259 2   496 548 0
p   323 392 2   491 436 0
p   224 659 5   523 151 0
p   159 393 3   680 536 3
p   360 681 5   411 834 5
p   926 477 2   795  38 2
p   1000 350 3   255  78 0
p   445 633 3   531 114 0
p   367 965 1   275 494 6
p   969   1 4   241 670 5
p   908 699 5   803 164 0
p   756 538 6   168 394 2
p   899 495 6   724 1022 4
p   999 177 3   592 1001 3
p   886 643 3   400 377 2
p   216 985 3   886 906 6
p   243 345 4   329 147 5
p   563 549 4   117 944 3
p   708 614 4   726  90 3
p   215 399 3   362 416 5
p    44 979 4   167 570 0
p   513 705 2   321 689 6
p   894 394 6   117  60 6
p   781 629 3   316 920 5
p   493 225 4   743 1019 5
p    93 1013 5   596 338 5
p   610  98 3    20 807 5
p   747  93 4   400 131 6
p   964 944 3   885 202 2
p   930 604 1   133 233 3
p   310 752 1    80 919 4
p   997 186 6    17 550 3
p   129 834 1   919 716 5
p   887 810 5     4 146 1
p   591   3 0   496  42 2
p   225 178 2   902 236 4
p   751 691 1   358 278 3
p   992 223 3    67 384 6
p   930  97 5   732 939 3
p   432 917 3   779 181 0
p   451 334 3   352 883 5
p   393 128 4   554 155 0
p   631 528 4   425 479 2
p    89 548 0   689 767 1
p   206 246 4   416 908 3
p   538 223 0   946 102 0
p   199 590 4   441 404 4
p   268 819 4   617  29 2
p   787 210 4   998 451 3
p   217   7 1   483 618 5
p   296 336 5   680 731 6
p    90 127 3   627 669 1
p   139 943 1    18 289 3
p   648 756 1   520 327 5
p   368 830 1   1018 533 2
p   743 387 0   451 294 4
p   539 850 3   159 152 4
p   271 216 6   142 938 3
p   959 859 2   481  87 2
p   948 103 1    43 881 4
p   603 476 1   599 719 5
p   166 640 4   595 745 3
p   977 665 4    13 146 4
p   785 147 4   158 781 5
p   635  69 1   276 479 5
p   592 1015 4   144 1002 0
p   340 652 2    22 303 1
p   794 606 1   893 218 2
p   895 783 2   531 1002 4
p   732 671 6   946 305 3
p   650 242 4   924 313 2
p   460 395 4    53 795 1
p   636 434 4   582 529 1
p     7 109 2   263 496 3
p   527 135 3   973 176 0
p   347 725 6   111  31 2
p   636 942 2   798 130 4
p   255 779 6   452 703 2
p   869 419 4   1010 571 3
p    98 972 3   717 670 1
p   652  98 0   861 615 2
p   539 571 4     0 147 0
p   771 463 1   383 685 3
p   558 960 2   105 109 5
p   319 117 5   910 104 4
p   758 251 5   700 455 1
p   264 849 1   721 584 3
p    16 125 2   645 390 1
p   393 474 4   573 376 2
p   825 603 6   616 290 3
p   484 873 5   901 735 1
p   279 167 6   921 331 0
p   485 807 4   691  21 0
p   746 838 1   835 974 4
p   564  33 2   478 976 3
p    12 580 0   1015 675 5
p   710 963 2   285  80 0
p   488 761 5     2 631 5
p   887 788 2   720 718 0
p    39 354 4   390 660 5
p   789 289 6   567 642 4
p   689 157 4   441 991 4
p   997 1014 5   600 615 3
p   378 428 6   661 174 0
p   449 451 0   232 339 2
p   639 159 5   509  70 0
p   965  32 4   183 669 6
p   940 447 3   296 450 6
p    38 490 6   109 119 5
p   289 817 2    33 839 2
p   472  61 4   848 225 6
p   648 561 1   897 434 0
p   947 377 2    59  33 0
p   895 888 3    83 142 6
p   574 814 0    66 795 0
p   840 956 3   117 734 3
p   513 909 3   141 381 5
p   523  82 3    35 900 1
p   746 1018 6   541 331 4
p   559 930 1   710 156 2
p   796 373 1   361 382 0
p   146 758 4   668 140 0
p   501 495 0   989 836 6
p   176 672 5   331 1008 0
p   812 148 1   194 118 4
p   248 818 5   980 793 6
p   570  32 2   403 989 2
p   276 818 6    47 1004 5
p   1019 664 0   694 232 6
p   954 881 4   259 948 5
p   649 175 1   580 607 2
p   833 694 1    30 621 2
p   911 239 3   202 989 4
p   771 912 3   559 460 4
p   342 841 2   789  17 2
p   491 922 5   751 651 6
p   742 646 6   782  15 6
p   192 766 2   401 157 3
p   1023 847 5   658 219 0
p   955 930 0   932 766 0
p   157 180 1   924 431 3
p   434 475 1   322 258 1
p   622  23 6   526 514 2
p   748 779 5   988 424 0
p   817 729 0   504 829 6
p   358 483 3   761 720 3
p   189 601 0   364 315 0
p    99 807 3   131 956 2
p   450 711 1   801 865 3
p   726 740 6   793 369 3
p   403 547 6    98 915 3
p   148 956 1    27 482 4
p    51 643 3   576  82 2
p   133 479 2   337 902 4
p   112 673 6   374 789 4
p   486 414 1   427 273 3
p   685 908 1   829 780 4
p   196  73 0   329 298 5
p   351 166 6   721 822 3
p    99 600 3   325  89 2
p   278 364 4   119 387 5
p   317 876 6   193 665 4
p   173 571 3   246 730 6
p   918 108 2    91 474 4
p   723  59 0   647 854 4
p    96  83 4   222 765 2
p   845 923 3   719 782 4
p   662 413 6   181 165 5
p   216 532 6   366 753 6
p   674  92 3   816 1021 3
p    57 357 3   951  66 6
p   450 101 5   123 137 1
p   560 676 6   603 652 3
p   516 678 1   303 637 4
p   184 200 3   853 319 1
p    49 542 3   627 559 4
p   891 325 5   232 338 3
p   532 755 0   756 825 0
p   575  19 0   892  56 6
p   683 784 4   776 749 6
p   368 392 4   542 694 2
p   428 401 0   754 582 6
p   755 424 5    64 651 6
p   913 324 1   301 907 2
p   423 337 1   890 454 3
p   410 343 2   916 287 4
p   219 931 3   305 438 5
p   876 832 0   990 488 6
p   174 963 1   890 277 5
p   167 875 4   124 959 3
p   188 863 0    39 754 0
p   764  96 6   140 576 4
p   374  98 3   343 912 1
p   229 611 3   293 143 5
p    97 925 6   133 946 1
p   811 332 3   727 559 5
p   405  63 2   905 821 6
p   603 336 3   505 250 6
p    60 339 6   573 966 0
p   831 640 5   752 1023 2
p   761 864 4   810 838 1
p   290 414 0   926 830 0
p   838 337 4   500 455 4
p   929 424 0   871 974 5
p   160 431 5   884 890 6
p   657 141 2   982 135 6
p   368 605 5    95 115 3
p   926 993 4   196 812 2
p   270 604 3   531 993 0
p   894 443 5   897 754 3
p   534 610 2   730 875 2
p   977 576 2   166 743 1
p   828 969 2   387 309 1
p   1022 847 6    28 975 5
p   843 948 2    78 583 3
p   221 760 6   733 813 5
p   829 163 4   622 895 3
p   266 549 3    17  49 1
p   504 674 3   588 1015 0
p   381 558 5   904 635 4
p   915 810 4    12 422 0
p   986 846 2   102 577 2
p   740 857 4   837   8 1
p   440 476 5   179 586 3
p   663  14 0    93 402 4
p   751 666 0   886 403 5
p   175 389 4   645 531 6
p   831 610 4   425 525 4
p   857 204 3   188 201 0
p   122 775 2   312 147 4
p   425  56 2   826 774 6
p   878 509 5   804 419 2
p   573 453 4   833 941 4
p   537 221 2   229 746 3
p   156 169 0   116 634 4
p   540 808 3   262 783 2
p    45 221 3   627 798 6
p   792 769 4   197 682 4
p   274 380 2   1019 713 2
p   199 348 1   850 192 2
p   547 257 1   984 925 0
p   546  44 3   112 823 1
p   307  87 6   512 432 3
p   183 816 2   867 756 2
p   497 301 6   869 551 4
p    79 819 2   275 335 6
p   105 1010 3   642 518 0
p   784 410 3   841 319 0
p    46 706 0   607  69 0
p   403 298 0   964 969 6
p   1003 931 3   413 759 3
p   232 794 1   667 972 3
p   148 366 3   442 152 4
p   901 995 1   674  22 1
p   525 620 1   752 913 6
p   106 699 3   714 955 2
p   902  92 0   947 265 4
p   225 602 2   740 762 6
p   822 460 0   687 449 4
p   1011 342 3   351 329 1
p   361 370 2   970 384 0
p   988 594 2   812  22 5
p   121  24 1   855  51 6
p   298 201 4   248 578 5
p   683 325 4   643  21 3
p   647 390 1   934  11 6
p   170 1015 6    94 786 4
p   885 508 2   809 754 3
p   1009 787 3   948 517 5
p    51 133 1   237 143 0
p   573 604 5   629 464 3
p    14 631 4   640 984 4
p   215 625 3   688 609 5
p   469 580 6   270 678 5
p   840 587 6   986 526 3
p   105 601 2   704 733 6
p   760 828 5   1019 336 4
p   570 584 4   959  18 2
p   473 529 6   511 242 6
p   527 803 1   967 411 3
p   488 338 5   590 617 4
p   301 349 0   394 268 2
p   639 701 5   226 187 6
p   477 487 0   703 176 0
p   257 989 2    58 686 1
p   291 487 3   310 946 5
p   641  76 5   849 827 5
p   177 920 2   270   1 1
p   355 238 6    48 455 2
p   885 855 2   694 470 1
p   713 476 4   755 575 1
p   140  10 2   676 846 1
p    69 493 2   342  48 3
p   452 724 4   391  43 6
p   207 756 3    30 750 6
p   153 732 4   553 443 3
p   176 369 4   869 753 4
p   234   5 6   784 969 0
p   997 338 3    19 813 6
p   968 158 0   560 417 0
p   295 797 5   242 941 2
p   788 350 6   692 379 0
p   192 969 4   819 217 3
p   614 961 3   946 326 4
p   640  98 1   261 268 1
p   428  99 1   876 183 3
p    82 815 1   678 838 2
p   211 161 3   608 674 4
p   250   1 0   451 992 3
p   1003 861 6   296 706 3
p   891 628 2   965 861 3
p   435 412 2   317 171 5
p   124 637 1   888 233 0
p    18 926 5   321 885 3
p   224 581 0   712 277 2
p   883 638 6   232   6 5
p   623 136 1   969 591 3
p   789 922 2   844 889 6
p   491 914 5   480 735 0
p   762 405 5   353 816 2
p   510 406 6   246 862 5
p   969 709 3   964  38 6
p   759 207 2   884 106 1
p   154 214 0   355 894 4
p   163 107 6   258 293 1
p   285 967 2   423 342 4
p   537 266 0   568 570 0
p   349 434 3   325 685 5
p   122 431 4   606 893 6
p   558 909 5   153   9 2
p   373  28 5   528 999 5
p   827 408 6   730 107 3
p   216 657 2    42 921 6
p   652 212 2   711 118 1
p    92 956 5   140 241 4
p   997 220 5   445 878 0
p   534 428 5   984 104 5
p   371 902 6   1021 521 3
p   217  52 6   110 442 0
p    38 335 0   289 1016 1
p   806 807 0   400 152 2
p   133 141 5    55 488 3
p   434 253 4    99 178 2
p   459 206 4   268 490 5
p   685 617 5   413 440 2
p   134 610 3   817 623 2
p   879 283 2   890 1003 1
p   230 593 0   834 436 5
p    25 813 3    22  49 2
p   638 463 4   922 391 2
p   814  44 2    63 669 4
p   679 635 5    14 645 4
p   854 772 0   606 421 1
p   110 124 1   244 494 4
p   266 209 3   499  76 1
p   403 956 3   252 894 6
p   159 893 3   262 831 3
p   565 714 2   717 759 5
p    49 314 4   682 610 5
p   340 655 3   862 306 3
p   243 946 6   311 883 3
p   299 389 5   1007 850 5
p   310 199 1   965 167 1
p   812 887 1   535 373 6
p   599 487 4   1008 654 5
p   830 271 2   203 618 5
p   425 341 2   738  41 6
p   677 586 0    88 154 4
p   572 168 6   340 143 2
p   768 498 4   275 635 1
p    13 734 3   308 538 2
p   826 993 4    39 669 0
p   409  93 6    26 694 3
p   521 265 2   443 461 3
p   854 646 6   528 536 4
p   729 752 3   409 283 5
p    60 980 6   918 908 6
p   615 855 1   470  23 2
p   445 177 4   180 164 5
p   931 947 6   203 619 3
p    52 235 4   879 773 5
p   465 976 4   285 338 2
p   133 658 3   843  99 1
p   346 222 1   360 362 3
p   757 532 6    64 672 4
p   954 589 4   470  75 0
p   466 642 2   189 888 6
p   352 285 0   997 580 3
p   321 819 1   681 686 6
p   853 455 5   519 139 3
p   736 949 3   271 525 4
p   291 134 1   307 211 2
p    43 446 4    10 170 0
p   429 895 1   411 362 1
p    93 220 0   402 777 1
p   1012 516 5   581 581 5
p   803 210 1   188 237 0
p   237 406 4    28 629 4
p   912 671 3   305 391 4
p   822 357 4   372 633 0
p   103 674 6   317 758 5
p    69 686 3   205 209 5
p   693 415 3   164 1012 3
p    75 422 6   327 750 0
p   786 627 3   197 501 5
p    52 256 2   301 684 6
p   604 671 3   483 738 4
p   375 491 0   315 770 6
p   474 453 1   706 909 0
p   663 214 0   681 292 0
p   747 893 4   785 707 3
p   466 568 1     5 657 6
p   360 447 4    33 254 5
p   667  47 2   611 119 6
p   177 620 0   257 149 5
p   1002 913 1   656 929 4
p    62 459 2   661  63 4
p    49  57 1   884 786 1
p     9 267 6   568  81 5
p   644 867 6   867 694 6
p   635 216 3   306 253 1
p    68 292 6   520 542 0
p   980 123 6   190  50 6
p    31 278 4   586 750 2
p   770  56 0   239 847 0
p   752 965 6    93 262 0
p   780 433 1   923 605 6
p   697 113 0   120 370 5
p   939  55 2   964 818 1
p   918 141 2   209 434 3
p    74 180 4   860  90 6
p   512 793 0   365 472 3
p   985 517 6   990 915 2
p   888 320 5   713 616 6
p   813 832 2   907 746 2
p   432 244 5   382 384 2
p   572 288 5   685 811 0
p   385 212 1   345 873 2
p    64 868 5   561  47 1
p   366 425 2   785 990 2
p   175 462 0   475 419 6
p   360 124 6   720 712 2
p   208 729 2   629  96 3
p   650 563 4   235 465 0
p    77 212 4   814 612 2
p     7 711 5     9 632 2
p   420 750 3   562 709 4
p   487 549 4    13  23 3
p   724 973 3   690 943 0
p   130 488 3   311 395 6
p   544 586 6   609 473 1
p   195 517 0   521 901 2
p   858 769 5   346 624 4
p   101 174 4   738  41 3
p   491 434 5   993  32 6
p   754 391 1   601 547 6
p   997 797 6   708 804 3
p   717 447 6   937 1020 1
p   222 631 2   406 790 4
p   874 827 3   106 432 5
p   375 862 2   837 777 4
p     7 947 2    94  12 6
p   428 600 6   957 644 5
p   658 429 0   212 305 1
p   954 209 1   712 994 4
p   300 834 1   664 505 5
p   497 636 0   863 742 1
p   969 1013 4   856 1013 2
p   189 331 6   302 461 5
p   181 464 1   429 983 3
p    63 914 6   351  50 3
p   656 449 0    95 766 3
p   665 302 3   349 670 3
p   114 695 6   422  33 3
p   652 362 6   973 481 3
p   435 700 0   312 819 1
p   551 222 0   414 562 1
p   347 462 5   152 602 4
p   997 620 2   493 628 3
p   690 300 1   1001 964 5
p   1005 1017 1   353 943 5
p   152 807 1   210 628 1
p   390 167 4   629 928 0
p   1009 315 0   357 970 2
p   504 282 4   380 946 0
p   641 1011 2   547 792 1
p   486 875 6   539 817 3
p   697 829 0    95  45 6
p   225 517 2   398 356 6
p   108 759 3   599 481 5
p   556 420 2   435 565 1
p   1000 880 2   544 664 3
p   176 659 4   601 533 3
p   1001 100 6     1 776 3
p   544  52 6   185 846 6
p   908 651 1   606 692 6
p   702 165 0   826 360 2
p   358 945 5   809 497 6
p   592 909 6   616 607 6
p    31 551 0   838 958 3
p   306 922 0   807  42 5
p   781 810 4   186 842 1
p   848 641 5   550  13 6
p   580 457 3   579 800 2
p   438 195 3   795  43 5
p   163 167 1   758 702 5
p   193 925 1   164 431 2
p   778 691 0   112 537 0
p   575 735 4     9 958 1
p   468 537 6   316 673 5
p   578 228 1   133 749 3
p   337 940 1   129 635 2
p   388 603 4    19 100 0
p    34 216 6    78 197 4
p   387 681 1   705  76 2
p   437 628 0    32 117 4
p   450 709 3     7 251 6
p   852 769 2   738 283 0
p   400 709 1   1012 323 4
p   107  90 5   612 108 2
p   643 823 3   469 896 4
p   789 561 4   826 853 1
p   721 730 3   310 211 6
p   702 944 4   317 801 6
p   835 557 3   839 723 0
p   777 837 3   227 463 3
p   845 507 6   434 181 2
p   818 624 6   726 713 6
p   736 557 6   942 948 1
p   511 653 0   423 619 5
p    43 328 2   167 333 6
p   502  74 5   1009 943 4
p   412 840 4   182 680 3
p   715 210 2   311 297 4
p   359 681 0    25 479 6
p    48  87 6   318  75 0
p    82 229 4    35 860 6
p   341 849 4    24 848 6
p   751 745 2   875  26 2
p   848 174 1    53  29 6
p   788 556 5   155 1008 5
p   838 263 0   627 767 6
p   152 229 4   834 304 2
p   713  79 3   274  34 2
p   304 916 3   238 314 3
p   1012 280 2   114  78 1
p   665 701 5   846 280 2
p   967 536 4   718 944 2
p   793 455 2   754 628 2
p   601 107 6    32  73 4
p   803 956 2   963 514 0
p   302 507 6    61 555 3
p   886 379 3   680 231 4
p   460 246 1   606 694 1
p   395 989 2   605 467 2
p   236 382 5   464 1020 6
p   265 133 4    37 200 2
p   243 469 6   498 328 1
p   515   3 1   551 886 2
p   340 317 6   526 920 4
p   262 396 0    59 951 4
p   841 233 3   552 130 5
p   962 943 1   598 962 6
p   508 907 6   899 694 6
p   697 122 1   225 158 3
p   313 302 2   138 489 6
p   524 781 2   1015 356 2
p   694 716 2   418 216 4
p   261 534 0   493 885 2
p   611 178 0   258 180 5
p   279 989 4   867 105 2
p   338 210 6   802 168 4
p   843 393 5   547 754 5
p    99 796 3   864 139 2
p   547 668 2   695 953 2
p    69 371 0   150 680 1
p   130 933 1   349 513 6
p   773 604 6   526 199 3
p   381 404 3   841 559 4
p   962 123 5   810 636 5
p   323  99 1   854 506 1
p   470 538 3    26 191 4
p   348 795 2   807 578 2
p   309 414 0   799 940 4
p   603 804 0   764 702 1
p   578 822 1    81 105 2
p   393 854 3   782 241 4
p   999 423 6    57  79 0
p   880 851 5   901 309 5
p   904 615 5   853 670 5
p   916 219 1   631 902 5
p   836 159 1   958 742 5
p   864 695 2   903 338 6
p   663 199 5   813 903 4
p   148  75 0   541 495 4
p   455 732 3   665 876 0
p   869 243 6   468 426 6
p   569  45 6   281 411 1
p   1018 657 6   634 884 6
p   980 778 6   682 758 6
p   965 1002 0   598 983 4
p   196 157 2   540 418 2
p    90 659 2   523  53 6
p   301 727 5   173 382 2
p   175 672 5   665 754 0
p   425 509 6   464 552 3
p   182   0 6   953  17 1
p   901 584 0   534 823 1
p   435 755 2     4 291 3
p   704 425 2   721 998 6
p   505 130 4   215 232 4
p   228 729 3   443 822 3
p   738 634 5   913 218 4
p     4 221 5   314 222 3
p   908 553 1   300 132 2
p    51 669 3   113  48 1
p   881 986 2   451 195 5
p   521  12 1     8 448 6
p   901 617 6   933 522 2
p   322 170 3   485  10 0
p   222 266 3   923 945 1
p   694 569 6   309 454 4
p   429 428 1   759 833 4
p   576 901 6    20 695 0
p   416 205 1   446  46 5
p   503 893 1   990 986 2
p   158 128 0    43 889 2
p   478 446 5   410 365 4
p   392 673 3   581 412 1
p   966 602 4   293 651 3
p   595 552 1   670  82 2
p   310 444 0   209 874 5
p    13 621 3    99 759 2
p   391 374 4   853 862 2
p   919  60 4   717 978 2
p   424 642 2   991 356 1
p   347 260 6   909 751 1
p   288 155 4   226 107 6
p   275 641 0   291 141 1
p     9 370 6   640 971 3
p    60 157 3   233  93 1
p   479 430 5   963 556 0
p   120 413 0   556 726 2
p   534 1002 1   951 424 6
p   382 940 6   850 337 1
p   100 798 2   476  97 0
p   861 572 1   193 368 1
p   139   7 6   454 677 3
p   718 912 2   672  15 2
p    26 454 5   914 686 5
p   484  84 3   735 230 0
p   1008 457 4   1016 714 2
p   553 508 3   581 316 0
p   986 925 4   451 911 3
p   658 947 1   784 956 2
p   574 338 6   343 249 2
p    99 163 0   728 340 0
p   707 306 5   939 599 6
p   945 402 4    20 647 6
p   583 304 3   391 302 3
p   230 485 1    18  22 2
p   305  40 5   100 315 5
p   752 438 5   265 431 5
p   319 823 3   720 183 3
p   137 576 0   965 944 1
p   324   4 6   590 325 6
p   272 667 2   123 263 4
p   237 321 1    38  53 1
p    97 703 6   507 313 3
p   733 646 1   791 920 3
p   711 595 1   393 987 0
